graph = {
	0 : [
		( 1 , 0 , 4.8085 ),
		( 132 , 419 , 6.19194 ),
		( 118 , 420 , 3.45744 ),
	],
	1 : [
		( 0 , 0 , 4.8085 ),
		( 2 , 1 , 8.99405 ),
	],
	2 : [
		( 1 , 1 , 8.99405 ),
		( 3 , 2 , 2.9144 ),
	],
	3 : [
		( 2 , 2 , 2.9144 ),
	],
	4 : [
		( 5 , 3 , 8.35938 ),
		( 97 , 413 , 29.9323 ),
		( 116 , 414 , 1.6593 ),
	],
	5 : [
		( 4 , 3 , 8.35938 ),
		( 97 , 63 , 25.0471 ),
		( 98 , 64 , 24.0096 ),
		( 131 , 417 , 4.88535 ),
	],
	6 : [
		( 7 , 4 , 41.5942 ),
		( 8 , 8 , 40.8544 ),
	],
	7 : [
		( 6 , 4 , 41.5942 ),
		( 81 , 51 , 14.8013 ),
	],
	8 : [
		( 9 , 5 , 16.9061 ),
		( 6 , 8 , 40.8544 ),
		( 12 , 9 , 2.2608 ),
	],
	9 : [
		( 8 , 5 , 16.9061 ),
		( 10 , 6 , 130.811 ),
	],
	10 : [
		( 9 , 6 , 130.811 ),
		( 11 , 7 , 7.65046 ),
	],
	11 : [
		( 10 , 7 , 7.65046 ),
		( 18 , 386 , 34.3407 ),
		( 259 , 411 , 33.4563 ),
	],
	12 : [
		( 8 , 9 , 2.2608 ),
		( 72 , 45 , 4.60105 ),
		( 71 , 433 , 4.62089 ),
	],
	13 : [
		( 14 , 10 , 4.99931 ),
		( 47 , 406 , 9.77633 ),
		( 368 , 445 , 8.92602 ),
	],
	14 : [
		( 13 , 10 , 4.99931 ),
		( 15 , 11 , 6.77314 ),
		( 368 , 306 , 8.59432 ),
		( 48 , 307 , 16.4396 ),
	],
	15 : [
		( 14 , 11 , 6.77314 ),
		( 16 , 12 , 21.1041 ),
		( 369 , 310 , 6.8973 ),
	],
	16 : [
		( 15 , 12 , 21.1041 ),
		( 17 , 13 , 32.1147 ),
		( 365 , 312 , 21.5374 ),
	],
	17 : [
		( 16 , 13 , 32.1147 ),
		( 25 , 19 , 8.61612 ),
		( 363 , 302 , 2.45521 ),
	],
	18 : [
		( 19 , 14 , 80.0505 ),
		( 234 , 385 , 47.3881 ),
		( 11 , 386 , 34.3407 ),
	],
	19 : [
		( 18 , 14 , 80.0505 ),
		( 20 , 15 , 78.8776 ),
		( 243 , 442 , 56.9379 ),
	],
	20 : [
		( 19 , 15 , 78.8776 ),
		( 21 , 172 , 7.15002 ),
	],
	21 : [
		( 20 , 172 , 7.15002 ),
		( 230 , 173 , 27.1789 ),
	],
	22 : [
		( 23 , 17 , 107.206 ),
		( 346 , 289 , 7.01877 ),
		( 365 , 304 , 90.1543 ),
	],
	23 : [
		( 22 , 17 , 107.206 ),
		( 24 , 18 , 2.18635 ),
		( 391 , 532 , 1.3856 ),
	],
	24 : [
		( 23 , 18 , 2.18635 ),
		( 391 , 357 , 2.27042 ),
		( 392 , 472 , 30.806 ),
	],
	25 : [
		( 17 , 19 , 8.61612 ),
		( 370 , 339 , 65.0713 ),
		( 430 , 457 , 3.7042 ),
	],
	26 : [
		( 27 , 20 , 36.3842 ),
		( 30 , 23 , 6.12521 ),
	],
	27 : [
		( 26 , 20 , 36.3842 ),
		( 28 , 21 , 1.83149 ),
	],
	28 : [
		( 27 , 21 , 1.83149 ),
		( 29 , 22 , 2.55191 ),
	],
	29 : [
		( 28 , 22 , 2.55191 ),
		( 41 , 285 , 12.1812 ),
		( 345 , 286 , 22.9181 ),
	],
	30 : [
		( 26 , 23 , 6.12521 ),
	],
	31 : [
		( 32 , 24 , 31.581 ),
	],
	32 : [
		( 31 , 24 , 31.581 ),
		( 39 , 279 , 6.61495 ),
		( 344 , 280 , 1.67883 ),
	],
	33 : [
		( 343 , 273 , 0.280328 ),
		( 38 , 274 , 1.04902 ),
	],
	34 : [
		( 35 , 271 , 3.27055 ),
		( 343 , 272 , 1.49398 ),
	],
	35 : [
		( 79 , 270 , 2.32725 ),
		( 34 , 271 , 3.27055 ),
	],
	36 : [
		( 37 , 276 , 0.433079 ),
		( 44 , 277 , 1.54302 ),
	],
	37 : [
		( 38 , 275 , 1.94743 ),
		( 36 , 276 , 0.433079 ),
	],
	38 : [
		( 33 , 274 , 1.04902 ),
		( 37 , 275 , 1.94743 ),
	],
	39 : [
		( 44 , 278 , 2.31099 ),
		( 32 , 279 , 6.61495 ),
	],
	40 : [
		( 42 , 283 , 6.38837 ),
		( 41 , 284 , 5.38463 ),
	],
	41 : [
		( 40 , 284 , 5.38463 ),
		( 29 , 285 , 12.1812 ),
	],
	42 : [
		( 77 , 282 , 1.81187 ),
		( 40 , 283 , 6.38837 ),
	],
	43 : [
		( 44 , 25 , 57.8058 ),
	],
	44 : [
		( 43 , 25 , 57.8058 ),
		( 36 , 277 , 1.54302 ),
		( 39 , 278 , 2.31099 ),
	],
	45 : [
		( 46 , 26 , 25.4527 ),
		( 422 , 410 , 1.22261 ),
		( 431 , 462 , 0.232609 ),
	],
	46 : [
		( 45 , 26 , 25.4527 ),
		( 49 , 340 , 8.79019 ),
	],
	47 : [
		( 48 , 27 , 5.05277 ),
		( 13 , 406 , 9.77633 ),
		( 266 , 407 , 1.7756 ),
	],
	48 : [
		( 47 , 27 , 5.05277 ),
		( 49 , 28 , 0.795055 ),
		( 14 , 307 , 16.4396 ),
	],
	49 : [
		( 48 , 28 , 0.795055 ),
		( 369 , 308 , 18.9516 ),
		( 46 , 340 , 8.79019 ),
	],
	50 : [
		( 428 , 453 , 1.2083 ),
		( 285 , 454 , 8.26037 ),
	],
	51 : [
		( 52 , 317 , 2.96129 ),
		( 323 , 318 , 0.41585 ),
	],
	52 : [
		( 53 , 29 , 10.587 ),
		( 313 , 316 , 5.19747 ),
		( 51 , 317 , 2.96129 ),
	],
	53 : [
		( 52 , 29 , 10.587 ),
		( 54 , 30 , 15.8509 ),
		( 436 , 481 , 12.7179 ),
	],
	54 : [
		( 53 , 30 , 15.8509 ),
		( 285 , 210 , 20.3148 ),
		( 272 , 211 , 10.0671 ),
	],
	55 : [
		( 166 , 314 , 1.15142 ),
		( 313 , 315 , 7.10238 ),
	],
	56 : [
		( 57 , 31 , 5.93828 ),
		( 311 , 236 , 160.4 ),
	],
	57 : [
		( 56 , 31 , 5.93828 ),
		( 58 , 32 , 5.98894 ),
	],
	58 : [
		( 57 , 32 , 5.98894 ),
		( 59 , 33 , 4.93027 ),
	],
	59 : [
		( 58 , 33 , 4.93027 ),
		( 60 , 34 , 37.6119 ),
		( 396 , 366 , 1.90291 ),
	],
	60 : [
		( 59 , 34 , 37.6119 ),
		( 61 , 35 , 27.2233 ),
		( 62 , 36 , 48.0844 ),
	],
	61 : [
		( 60 , 35 , 27.2233 ),
		( 67 , 40 , 16.3613 ),
	],
	62 : [
		( 60 , 36 , 48.0844 ),
		( 63 , 37 , 7.81154 ),
	],
	63 : [
		( 62 , 37 , 7.81154 ),
		( 65 , 46 , 35.3723 ),
	],
	64 : [
		( 65 , 38 , 198.027 ),
		( 70 , 43 , 89.5583 ),
	],
	65 : [
		( 64 , 38 , 198.027 ),
		( 63 , 46 , 35.3723 ),
	],
	66 : [
		( 67 , 39 , 44.5905 ),
	],
	67 : [
		( 66 , 39 , 44.5905 ),
		( 61 , 40 , 16.3613 ),
		( 68 , 41 , 19.0575 ),
	],
	68 : [
		( 67 , 41 , 19.0575 ),
		( 310 , 235 , 47.5602 ),
	],
	69 : [
		( 70 , 42 , 36.2651 ),
		( 72 , 439 , 111.996 ),
	],
	70 : [
		( 69 , 42 , 36.2651 ),
		( 64 , 43 , 89.5583 ),
	],
	71 : [
		( 72 , 44 , 3.94962 ),
		( 12 , 433 , 4.62089 ),
		( 89 , 434 , 1.43736 ),
	],
	72 : [
		( 71 , 44 , 3.94962 ),
		( 12 , 45 , 4.60105 ),
		( 69 , 439 , 111.996 ),
	],
	73 : [
		( 74 , 47 , 12.6648 ),
		( 379 , 342 , 22.5383 ),
	],
	74 : [
		( 73 , 47 , 12.6648 ),
		( 341 , 341 , 10.4563 ),
	],
	75 : [
		( 76 , 48 , 33.6414 ),
		( 78 , 50 , 8.92811 ),
	],
	76 : [
		( 75 , 48 , 33.6414 ),
		( 77 , 49 , 2.05386 ),
	],
	77 : [
		( 76 , 49 , 2.05386 ),
		( 344 , 281 , 10.3161 ),
		( 42 , 282 , 1.81187 ),
	],
	78 : [
		( 75 , 50 , 8.92811 ),
	],
	79 : [
		( 342 , 269 , 4.21407 ),
		( 35 , 270 , 2.32725 ),
	],
	80 : [
		( 341 , 267 , 15.708 ),
		( 342 , 268 , 10.0126 ),
	],
	81 : [
		( 7 , 51 , 14.8013 ),
		( 82 , 52 , 11.362 ),
		( 86 , 56 , 9.80881 ),
	],
	82 : [
		( 81 , 52 , 11.362 ),
		( 83 , 53 , 11.7605 ),
		( 474 , 533 , 2.01542 ),
	],
	83 : [
		( 82 , 53 , 11.7605 ),
		( 87 , 265 , 25.2944 ),
	],
	84 : [
		( 85 , 54 , 11.7542 ),
	],
	85 : [
		( 84 , 54 , 11.7542 ),
		( 86 , 55 , 3.24601 ),
	],
	86 : [
		( 85 , 55 , 3.24601 ),
		( 81 , 56 , 9.80881 ),
	],
	87 : [
		( 88 , 57 , 86.67 ),
		( 83 , 265 , 25.2944 ),
		( 341 , 266 , 1.72588 ),
	],
	88 : [
		( 87 , 57 , 86.67 ),
		( 259 , 192 , 60.8925 ),
	],
	89 : [
		( 71 , 434 , 1.43736 ),
		( 312 , 435 , 24.1469 ),
	],
	90 : [
		( 91 , 58 , 39.2123 ),
		( 312 , 237 , 1.32557 ),
	],
	91 : [
		( 90 , 58 , 39.2123 ),
		( 312 , 436 , 2.10969 ),
		( 93 , 437 , 68.7582 ),
	],
	92 : [
		( 93 , 59 , 44.6666 ),
		( 96 , 62 , 3.71892 ),
	],
	93 : [
		( 92 , 59 , 44.6666 ),
		( 91 , 437 , 68.7582 ),
		( 97 , 438 , 1.44855 ),
	],
	94 : [
		( 95 , 60 , 8.27303 ),
	],
	95 : [
		( 94 , 60 , 8.27303 ),
		( 96 , 61 , 6.06649 ),
	],
	96 : [
		( 95 , 61 , 6.06649 ),
		( 92 , 62 , 3.71892 ),
	],
	97 : [
		( 5 , 63 , 25.0471 ),
		( 4 , 413 , 29.9323 ),
		( 93 , 438 , 1.44855 ),
	],
	98 : [
		( 5 , 64 , 24.0096 ),
		( 99 , 65 , 6.4452 ),
	],
	99 : [
		( 98 , 65 , 6.4452 ),
		( 100 , 66 , 1.31692 ),
	],
	100 : [
		( 99 , 66 , 1.31692 ),
		( 101 , 67 , 2.80461 ),
	],
	101 : [
		( 100 , 67 , 2.80461 ),
		( 102 , 68 , 3.26486 ),
	],
	102 : [
		( 101 , 68 , 3.26486 ),
		( 103 , 69 , 0.224505 ),
	],
	103 : [
		( 102 , 69 , 0.224505 ),
		( 104 , 70 , 0.213971 ),
	],
	104 : [
		( 103 , 70 , 0.213971 ),
		( 105 , 71 , 8.52858 ),
	],
	105 : [
		( 104 , 71 , 8.52858 ),
		( 106 , 72 , 9.3959 ),
		( 135 , 91 , 7.14286 ),
	],
	106 : [
		( 105 , 72 , 9.3959 ),
		( 107 , 73 , 3.70956 ),
	],
	107 : [
		( 106 , 73 , 3.70956 ),
		( 108 , 74 , 56.2919 ),
		( 187 , 534 , 4.04053 ),
	],
	108 : [
		( 107 , 74 , 56.2919 ),
		( 109 , 75 , 8.08163 ),
	],
	109 : [
		( 108 , 75 , 8.08163 ),
		( 390 , 355 , 356.974 ),
	],
	110 : [
		( 111 , 76 , 118.969 ),
		( 117 , 416 , 26.3588 ),
	],
	111 : [
		( 110 , 76 , 118.969 ),
	],
	112 : [
		( 113 , 77 , 7.04913 ),
		( 149 , 103 , 6.04248 ),
	],
	113 : [
		( 112 , 77 , 7.04913 ),
		( 425 , 424 , 1.48306 ),
		( 138 , 425 , 1.53233 ),
	],
	114 : [
		( 137 , 92 , 52.2065 ),
		( 138 , 93 , 40.929 ),
	],
	115 : [
		( 139 , 428 , 7.32813 ),
		( 119 , 429 , 24.671 ),
	],
	116 : [
		( 4 , 414 , 1.6593 ),
		( 117 , 415 , 18.3136 ),
	],
	117 : [
		( 116 , 415 , 18.3136 ),
		( 110 , 416 , 26.3588 ),
	],
	118 : [
		( 0 , 420 , 3.45744 ),
		( 424 , 421 , 1.11839 ),
	],
	119 : [
		( 120 , 78 , 1.29966 ),
		( 115 , 429 , 24.671 ),
		( 278 , 430 , 24.8967 ),
	],
	120 : [
		( 119 , 78 , 1.29966 ),
		( 121 , 79 , 2.14162 ),
	],
	121 : [
		( 120 , 79 , 2.14162 ),
		( 122 , 80 , 1.26952 ),
		( 130 , 88 , 2.5789 ),
	],
	122 : [
		( 121 , 80 , 1.26952 ),
		( 123 , 81 , 0.772748 ),
	],
	123 : [
		( 122 , 81 , 0.772748 ),
		( 124 , 82 , 2.29985 ),
	],
	124 : [
		( 123 , 82 , 2.29985 ),
		( 125 , 83 , 0.356937 ),
	],
	125 : [
		( 124 , 83 , 0.356937 ),
		( 126 , 84 , 2.03083 ),
	],
	126 : [
		( 125 , 84 , 2.03083 ),
		( 127 , 85 , 0.905406 ),
	],
	127 : [
		( 126 , 85 , 0.905406 ),
		( 128 , 86 , 2.70023 ),
	],
	128 : [
		( 127 , 86 , 2.70023 ),
	],
	129 : [
		( 130 , 87 , 3.56458 ),
	],
	130 : [
		( 129 , 87 , 3.56458 ),
		( 121 , 88 , 2.5789 ),
	],
	131 : [
		( 5 , 417 , 4.88535 ),
		( 132 , 418 , 2.07505 ),
	],
	132 : [
		( 133 , 89 , 5.50837 ),
		( 131 , 418 , 2.07505 ),
		( 0 , 419 , 6.19194 ),
	],
	133 : [
		( 132 , 89 , 5.50837 ),
		( 134 , 90 , 13.0375 ),
	],
	134 : [
		( 133 , 90 , 13.0375 ),
		( 479 , 544 , 4.08911 ),
	],
	135 : [
		( 105 , 91 , 7.14286 ),
	],
	136 : [
		( 424 , 422 , 4.52707 ),
		( 425 , 423 , 1.32716 ),
	],
	137 : [
		( 114 , 92 , 52.2065 ),
		( 187 , 130 , 61.8532 ),
		( 188 , 131 , 98.2639 ),
	],
	138 : [
		( 114 , 93 , 40.929 ),
		( 113 , 425 , 1.53233 ),
		( 148 , 426 , 4.36323 ),
	],
	139 : [
		( 140 , 94 , 0.670181 ),
		( 148 , 427 , 5.57212 ),
		( 115 , 428 , 7.32813 ),
	],
	140 : [
		( 139 , 94 , 0.670181 ),
		( 141 , 95 , 11.1905 ),
	],
	141 : [
		( 140 , 95 , 11.1905 ),
		( 142 , 96 , 8.89093 ),
	],
	142 : [
		( 141 , 96 , 8.89093 ),
		( 143 , 97 , 66.3585 ),
		( 145 , 99 , 5.5297 ),
	],
	143 : [
		( 142 , 97 , 66.3585 ),
		( 144 , 98 , 13.9772 ),
	],
	144 : [
		( 143 , 98 , 13.9772 ),
	],
	145 : [
		( 142 , 99 , 5.5297 ),
		( 146 , 100 , 3.25117 ),
	],
	146 : [
		( 145 , 100 , 3.25117 ),
		( 147 , 101 , 6.69591 ),
	],
	147 : [
		( 146 , 101 , 6.69591 ),
	],
	148 : [
		( 149 , 102 , 3.76122 ),
		( 138 , 426 , 4.36323 ),
		( 139 , 427 , 5.57212 ),
	],
	149 : [
		( 148 , 102 , 3.76122 ),
		( 112 , 103 , 6.04248 ),
	],
	150 : [
		( 151 , 104 , 77.1043 ),
		( 347 , 290 , 16.672 ),
	],
	151 : [
		( 150 , 104 , 77.1043 ),
		( 402 , 368 , 57.7307 ),
		( 302 , 369 , 53.541 ),
	],
	152 : [
		( 153 , 105 , 76.1987 ),
		( 301 , 371 , 27.8591 ),
		( 299 , 372 , 79.1015 ),
	],
	153 : [
		( 152 , 105 , 76.1987 ),
		( 154 , 106 , 2.98443 ),
		( 279 , 205 , 79.6424 ),
	],
	154 : [
		( 153 , 106 , 2.98443 ),
	],
	155 : [
		( 156 , 107 , 123.639 ),
	],
	156 : [
		( 155 , 107 , 123.639 ),
		( 157 , 108 , 7.88246 ),
	],
	157 : [
		( 156 , 108 , 7.88246 ),
		( 158 , 109 , 7.57598 ),
		( 335 , 258 , 1.47375 ),
	],
	158 : [
		( 157 , 109 , 7.57598 ),
		( 159 , 110 , 18.6488 ),
	],
	159 : [
		( 158 , 110 , 18.6488 ),
		( 160 , 111 , 17.6893 ),
	],
	160 : [
		( 159 , 111 , 17.6893 ),
		( 331 , 257 , 25.4339 ),
		( 402 , 367 , 1.69785 ),
	],
	161 : [
		( 162 , 112 , 3.26231 ),
		( 214 , 376 , 0.490851 ),
		( 164 , 377 , 21.4319 ),
	],
	162 : [
		( 161 , 112 , 3.26231 ),
		( 163 , 113 , 24.6467 ),
	],
	163 : [
		( 162 , 113 , 24.6467 ),
	],
	164 : [
		( 165 , 114 , 41.6214 ),
		( 242 , 338 , 3.51743 ),
		( 161 , 377 , 21.4319 ),
	],
	165 : [
		( 164 , 114 , 41.6214 ),
		( 419 , 404 , 24.8618 ),
	],
	166 : [
		( 285 , 313 , 12.9352 ),
		( 55 , 314 , 1.15142 ),
	],
	167 : [
		( 168 , 479 , 10.1321 ),
	],
	168 : [
		( 167 , 479 , 10.1321 ),
		( 169 , 116 , 25.4046 ),
	],
	169 : [
		( 168 , 116 , 25.4046 ),
		( 170 , 117 , 11.0261 ),
		( 176 , 246 , 8.8599 ),
		( 263 , 247 , 9.52973 ),
	],
	170 : [
		( 169 , 117 , 11.0261 ),
		( 177 , 320 , 3.51062 ),
		( 186 , 321 , 1.05297 ),
	],
	171 : [
		( 210 , 148 , 12.3397 ),
		( 211 , 149 , 1.04579 ),
	],
	172 : [
		( 173 , 118 , 20.0289 ),
		( 188 , 215 , 3.09553 ),
		( 175 , 455 , 5.39435 ),
	],
	173 : [
		( 172 , 118 , 20.0289 ),
		( 174 , 119 , 4.30134 ),
		( 270 , 198 , 11.5817 ),
	],
	174 : [
		( 173 , 119 , 4.30134 ),
		( 175 , 120 , 24.3304 ),
		( 261 , 432 , 21.4494 ),
	],
	175 : [
		( 174 , 120 , 24.3304 ),
		( 188 , 132 , 3.94565 ),
		( 290 , 218 , 4.54595 ),
		( 172 , 455 , 5.39435 ),
	],
	176 : [
		( 177 , 121 , 16.3303 ),
		( 320 , 245 , 4.10319 ),
		( 169 , 246 , 8.8599 ),
	],
	177 : [
		( 176 , 121 , 16.3303 ),
		( 323 , 319 , 10.0021 ),
		( 170 , 320 , 3.51062 ),
	],
	178 : [
		( 179 , 122 , 5.13551 ),
		( 245 , 177 , 5.28167 ),
	],
	179 : [
		( 178 , 122 , 5.13551 ),
		( 180 , 123 , 1.29438 ),
		( 181 , 483 , 33.822 ),
	],
	180 : [
		( 179 , 123 , 1.29438 ),
		( 181 , 124 , 3.97115 ),
		( 288 , 214 , 12.24 ),
	],
	181 : [
		( 180 , 124 , 3.97115 ),
		( 182 , 125 , 10.4027 ),
		( 179 , 483 , 33.822 ),
	],
	182 : [
		( 181 , 125 , 10.4027 ),
		( 183 , 126 , 1.21099 ),
	],
	183 : [
		( 182 , 126 , 1.21099 ),
		( 184 , 127 , 2.19693 ),
	],
	184 : [
		( 183 , 127 , 2.19693 ),
		( 185 , 128 , 8.76399 ),
	],
	185 : [
		( 184 , 128 , 8.76399 ),
		( 186 , 129 , 56.8842 ),
	],
	186 : [
		( 185 , 129 , 56.8842 ),
		( 170 , 321 , 1.05297 ),
		( 314 , 322 , 3.72614 ),
	],
	187 : [
		( 137 , 130 , 61.8532 ),
		( 107 , 534 , 4.04053 ),
	],
	188 : [
		( 137 , 131 , 98.2639 ),
		( 175 , 132 , 3.94565 ),
		( 172 , 215 , 3.09553 ),
	],
	189 : [
		( 290 , 219 , 42.3299 ),
		( 291 , 220 , 59.082 ),
	],
	190 : [
		( 191 , 133 , 36.0966 ),
		( 421 , 405 , 21.3237 ),
	],
	191 : [
		( 190 , 133 , 36.0966 ),
		( 393 , 396 , 44.5333 ),
		( 401 , 397 , 2.66441 ),
	],
	192 : [
		( 193 , 134 , 7.98518 ),
		( 249 , 182 , 7.17338 ),
		( 244 , 183 , 8.82772 ),
	],
	193 : [
		( 192 , 134 , 7.98518 ),
		( 194 , 135 , 5.71887 ),
	],
	194 : [
		( 193 , 135 , 5.71887 ),
		( 195 , 136 , 22.5078 ),
	],
	195 : [
		( 194 , 136 , 22.5078 ),
		( 196 , 137 , 3.06067 ),
		( 215 , 468 , 7.10725 ),
	],
	196 : [
		( 195 , 137 , 3.06067 ),
		( 197 , 138 , 8.09306 ),
	],
	197 : [
		( 196 , 138 , 8.09306 ),
		( 238 , 169 , 28.8951 ),
		( 406 , 387 , 38.0944 ),
	],
	198 : [
		( 397 , 361 , 3.1835 ),
		( 235 , 362 , 8.58541 ),
	],
	199 : [
		( 200 , 139 , 21.3699 ),
		( 225 , 159 , 22.2101 ),
	],
	200 : [
		( 199 , 139 , 21.3699 ),
		( 201 , 140 , 1.3643 ),
	],
	201 : [
		( 200 , 140 , 1.3643 ),
		( 202 , 141 , 29.6826 ),
	],
	202 : [
		( 201 , 141 , 29.6826 ),
		( 203 , 142 , 47.4295 ),
	],
	203 : [
		( 202 , 142 , 47.4295 ),
		( 204 , 143 , 11.1185 ),
		( 226 , 160 , 13.8363 ),
		( 426 , 446 , 79.7234 ),
	],
	204 : [
		( 203 , 143 , 11.1185 ),
		( 205 , 144 , 10.9573 ),
	],
	205 : [
		( 204 , 144 , 10.9573 ),
		( 206 , 145 , 19.8113 ),
		( 385 , 344 , 1.10536 ),
	],
	206 : [
		( 205 , 145 , 19.8113 ),
		( 207 , 146 , 21.5347 ),
	],
	207 : [
		( 206 , 146 , 21.5347 ),
		( 217 , 394 , 33.2568 ),
		( 393 , 395 , 24.8909 ),
	],
	208 : [
		( 209 , 147 , 56.9934 ),
		( 333 , 470 , 21.5416 ),
	],
	209 : [
		( 208 , 147 , 56.9934 ),
		( 248 , 180 , 125.906 ),
		( 435 , 475 , 9.30436 ),
	],
	210 : [
		( 171 , 148 , 12.3397 ),
		( 375 , 328 , 9.41766 ),
		( 327 , 329 , 2.35726 ),
	],
	211 : [
		( 171 , 149 , 1.04579 ),
		( 212 , 150 , 41.0506 ),
	],
	212 : [
		( 211 , 150 , 41.0506 ),
		( 213 , 151 , 19.9579 ),
		( 411 , 391 , 11.1025 ),
	],
	213 : [
		( 212 , 151 , 19.9579 ),
		( 244 , 176 , 7.61434 ),
		( 413 , 458 , 18.1014 ),
	],
	214 : [
		( 300 , 375 , 78.8192 ),
		( 161 , 376 , 0.490851 ),
	],
	215 : [
		( 216 , 152 , 8.3368 ),
		( 195 , 468 , 7.10725 ),
	],
	216 : [
		( 215 , 152 , 8.3368 ),
		( 228 , 353 , 15.2758 ),
	],
	217 : [
		( 218 , 153 , 5.29861 ),
		( 237 , 168 , 3.1809 ),
		( 207 , 394 , 33.2568 ),
	],
	218 : [
		( 217 , 153 , 5.29861 ),
		( 219 , 154 , 7.82237 ),
	],
	219 : [
		( 218 , 154 , 7.82237 ),
		( 220 , 155 , 8.46678 ),
	],
	220 : [
		( 219 , 155 , 8.46678 ),
		( 221 , 156 , 2.24712 ),
		( 415 , 392 , 5.80211 ),
	],
	221 : [
		( 220 , 156 , 2.24712 ),
		( 222 , 157 , 5.3194 ),
	],
	222 : [
		( 221 , 157 , 5.3194 ),
		( 476 , 539 , 9.34084 ),
	],
	223 : [
		( 224 , 158 , 1.26336 ),
		( 230 , 163 , 72.0022 ),
	],
	224 : [
		( 223 , 158 , 1.26336 ),
		( 239 , 335 , 5.89538 ),
		( 378 , 336 , 57.0301 ),
	],
	225 : [
		( 199 , 159 , 22.2101 ),
		( 401 , 398 , 4.18504 ),
		( 419 , 399 , 3.96758 ),
	],
	226 : [
		( 203 , 160 , 13.8363 ),
		( 227 , 161 , 58.2933 ),
	],
	227 : [
		( 226 , 161 , 58.2933 ),
		( 258 , 191 , 7.33129 ),
		( 384 , 349 , 5.35045 ),
	],
	228 : [
		( 229 , 162 , 13.5784 ),
		( 216 , 353 , 15.2758 ),
		( 249 , 354 , 14.2768 ),
	],
	229 : [
		( 228 , 162 , 13.5784 ),
		( 249 , 181 , 27.1034 ),
	],
	230 : [
		( 223 , 163 , 72.0022 ),
		( 21 , 173 , 27.1789 ),
	],
	231 : [
		( 232 , 164 , 20.2098 ),
		( 242 , 174 , 39.6376 ),
	],
	232 : [
		( 231 , 164 , 20.2098 ),
		( 233 , 165 , 33.5319 ),
		( 289 , 217 , 66.3347 ),
	],
	233 : [
		( 232 , 165 , 33.5319 ),
		( 234 , 166 , 69.5601 ),
		( 289 , 216 , 81.7922 ),
	],
	234 : [
		( 233 , 166 , 69.5601 ),
		( 298 , 384 , 63.4037 ),
		( 18 , 385 , 47.3881 ),
	],
	235 : [
		( 198 , 362 , 8.58541 ),
		( 395 , 364 , 2.04365 ),
	],
	236 : [
		( 237 , 167 , 23.5581 ),
		( 244 , 175 , 41.2604 ),
	],
	237 : [
		( 236 , 167 , 23.5581 ),
		( 217 , 168 , 3.1809 ),
		( 432 , 465 , 5.00859 ),
	],
	238 : [
		( 197 , 169 , 28.8951 ),
		( 239 , 170 , 1.25693 ),
	],
	239 : [
		( 238 , 170 , 1.25693 ),
		( 276 , 203 , 7.5623 ),
		( 354 , 334 , 10.6127 ),
		( 224 , 335 , 5.89538 ),
	],
	240 : [
		( 241 , 171 , 22.9683 ),
		( 476 , 540 , 8.65409 ),
	],
	241 : [
		( 240 , 171 , 22.9683 ),
		( 463 , 541 , 26.5425 ),
	],
	242 : [
		( 231 , 174 , 39.6376 ),
		( 378 , 337 , 2.286 ),
		( 164 , 338 , 3.51743 ),
	],
	243 : [
		( 409 , 441 , 22.8892 ),
		( 19 , 442 , 56.9379 ),
	],
	244 : [
		( 236 , 175 , 41.2604 ),
		( 213 , 176 , 7.61434 ),
		( 192 , 183 , 8.82772 ),
	],
	245 : [
		( 178 , 177 , 5.28167 ),
		( 246 , 178 , 10.2205 ),
		( 322 , 461 , 7.90969 ),
	],
	246 : [
		( 245 , 178 , 10.2205 ),
		( 247 , 179 , 20.7826 ),
	],
	247 : [
		( 246 , 179 , 20.7826 ),
		( 263 , 324 , 11.1918 ),
		( 373 , 325 , 2.9994 ),
	],
	248 : [
		( 209 , 180 , 125.906 ),
	],
	249 : [
		( 229 , 181 , 27.1034 ),
		( 192 , 182 , 7.17338 ),
		( 228 , 354 , 14.2768 ),
	],
	250 : [
		( 251 , 184 , 20.099 ),
		( 435 , 476 , 107.635 ),
	],
	251 : [
		( 250 , 184 , 20.099 ),
		( 252 , 185 , 46.7501 ),
	],
	252 : [
		( 251 , 185 , 46.7501 ),
	],
	253 : [
		( 254 , 186 , 72.1773 ),
	],
	254 : [
		( 253 , 186 , 72.1773 ),
		( 255 , 187 , 1.65705 ),
	],
	255 : [
		( 254 , 187 , 1.65705 ),
		( 256 , 188 , 10.0999 ),
		( 433 , 469 , 2.66095 ),
	],
	256 : [
		( 255 , 188 , 10.0999 ),
		( 257 , 189 , 11.1712 ),
		( 388 , 350 , 26.6623 ),
	],
	257 : [
		( 256 , 189 , 11.1712 ),
		( 258 , 190 , 20.0109 ),
	],
	258 : [
		( 257 , 190 , 20.0109 ),
		( 227 , 191 , 7.33129 ),
	],
	259 : [
		( 88 , 192 , 60.8925 ),
		( 11 , 411 , 33.4563 ),
		( 423 , 412 , 2.39074 ),
	],
	260 : [
		( 414 , 460 , 18.9672 ),
	],
	261 : [
		( 278 , 431 , 30.8567 ),
		( 174 , 432 , 21.4494 ),
	],
	262 : [
		( 263 , 193 , 9.11495 ),
		( 316 , 240 , 1.76599 ),
		( 317 , 241 , 12.3336 ),
	],
	263 : [
		( 262 , 193 , 9.11495 ),
		( 169 , 247 , 9.52973 ),
		( 314 , 323 , 6.46333 ),
		( 247 , 324 , 11.1918 ),
	],
	264 : [
		( 265 , 194 , 47.0012 ),
		( 287 , 213 , 17.0467 ),
	],
	265 : [
		( 264 , 194 , 47.0012 ),
		( 345 , 287 , 42.9439 ),
		( 346 , 288 , 4.38743 ),
	],
	266 : [
		( 267 , 195 , 3.44585 ),
		( 47 , 407 , 1.7756 ),
		( 268 , 408 , 2.09445 ),
	],
	267 : [
		( 266 , 195 , 3.44585 ),
		( 268 , 196 , 1.90647 ),
		( 422 , 537 , 3.07308 ),
	],
	268 : [
		( 267 , 196 , 1.90647 ),
		( 266 , 408 , 2.09445 ),
		( 422 , 409 , 1.51622 ),
	],
	269 : [
		( 270 , 197 , 8.3736 ),
		( 277 , 204 , 8.31012 ),
	],
	270 : [
		( 269 , 197 , 8.3736 ),
		( 173 , 198 , 11.5817 ),
	],
	271 : [
		( 272 , 199 , 44.8765 ),
		( 436 , 482 , 20.159 ),
	],
	272 : [
		( 271 , 199 , 44.8765 ),
		( 54 , 211 , 10.0671 ),
	],
	273 : [
		( 274 , 200 , 19.4884 ),
	],
	274 : [
		( 273 , 200 , 19.4884 ),
		( 275 , 201 , 1.70178 ),
	],
	275 : [
		( 274 , 201 , 1.70178 ),
		( 276 , 202 , 2.61537 ),
	],
	276 : [
		( 275 , 202 , 2.61537 ),
		( 239 , 203 , 7.5623 ),
		( 380 , 343 , 5.35858 ),
	],
	277 : [
		( 269 , 204 , 8.31012 ),
		( 286 , 212 , 34.725 ),
	],
	278 : [
		( 119 , 430 , 24.8967 ),
		( 261 , 431 , 30.8567 ),
	],
	279 : [
		( 153 , 205 , 79.6424 ),
		( 280 , 206 , 1.16879 ),
	],
	280 : [
		( 279 , 206 , 1.16879 ),
		( 281 , 207 , 18.0494 ),
	],
	281 : [
		( 280 , 207 , 18.0494 ),
	],
	282 : [
		( 283 , 208 , 17.8732 ),
		( 284 , 209 , 10.5124 ),
	],
	283 : [
		( 282 , 208 , 17.8732 ),
	],
	284 : [
		( 282 , 209 , 10.5124 ),
		( 294 , 451 , 17.6716 ),
		( 428 , 452 , 13.186 ),
	],
	285 : [
		( 54 , 210 , 20.3148 ),
		( 293 , 222 , 10.4114 ),
		( 166 , 313 , 12.9352 ),
		( 50 , 454 , 8.26037 ),
	],
	286 : [
		( 277 , 212 , 34.725 ),
	],
	287 : [
		( 264 , 213 , 17.0467 ),
		( 345 , 448 , 25.2221 ),
	],
	288 : [
		( 180 , 214 , 12.24 ),
		( 317 , 242 , 13.1414 ),
	],
	289 : [
		( 233 , 216 , 81.7922 ),
		( 232 , 217 , 66.3347 ),
	],
	290 : [
		( 175 , 218 , 4.54595 ),
		( 189 , 219 , 42.3299 ),
	],
	291 : [
		( 189 , 220 , 59.082 ),
		( 307 , 230 , 147.356 ),
		( 303 , 233 , 11.0003 ),
	],
	292 : [
		( 293 , 221 , 14.5611 ),
		( 294 , 223 , 9.96449 ),
		( 295 , 224 , 3.5017 ),
	],
	293 : [
		( 292 , 221 , 14.5611 ),
		( 285 , 222 , 10.4114 ),
		( 464 , 521 , 10.7087 ),
	],
	294 : [
		( 292 , 223 , 9.96449 ),
		( 372 , 450 , 50.2694 ),
		( 284 , 451 , 17.6716 ),
	],
	295 : [
		( 292 , 224 , 3.5017 ),
	],
	296 : [
		( 297 , 225 , 7.85999 ),
		( 299 , 373 , 52.7072 ),
		( 300 , 374 , 14.8624 ),
	],
	297 : [
		( 296 , 225 , 7.85999 ),
		( 298 , 226 , 98.9281 ),
		( 300 , 227 , 19.7454 ),
	],
	298 : [
		( 297 , 226 , 98.9281 ),
		( 405 , 383 , 69.4696 ),
		( 234 , 384 , 63.4037 ),
	],
	299 : [
		( 152 , 372 , 79.1015 ),
		( 296 , 373 , 52.7072 ),
	],
	300 : [
		( 297 , 227 , 19.7454 ),
		( 296 , 374 , 14.8624 ),
		( 214 , 375 , 78.8192 ),
	],
	301 : [
		( 302 , 370 , 53.7952 ),
		( 152 , 371 , 27.8591 ),
	],
	302 : [
		( 151 , 369 , 53.541 ),
		( 301 , 370 , 53.7952 ),
	],
	303 : [
		( 304 , 228 , 7.07894 ),
		( 291 , 233 , 11.0003 ),
		( 305 , 234 , 12.9931 ),
	],
	304 : [
		( 303 , 228 , 7.07894 ),
	],
	305 : [
		( 306 , 229 , 1.07174 ),
		( 303 , 234 , 12.9931 ),
	],
	306 : [
		( 305 , 229 , 1.07174 ),
	],
	307 : [
		( 291 , 230 , 147.356 ),
		( 308 , 231 , 15.6044 ),
	],
	308 : [
		( 307 , 231 , 15.6044 ),
		( 309 , 232 , 39.1403 ),
		( 465 , 522 , 1.50793 ),
	],
	309 : [
		( 308 , 232 , 39.1403 ),
		( 441 , 488 , 3.85377 ),
		( 445 , 512 , 3.0289 ),
	],
	310 : [
		( 68 , 235 , 47.5602 ),
	],
	311 : [
		( 56 , 236 , 160.4 ),
		( 358 , 473 , 124.435 ),
	],
	312 : [
		( 90 , 237 , 1.32557 ),
		( 89 , 435 , 24.1469 ),
		( 91 , 436 , 2.10969 ),
	],
	313 : [
		( 55 , 315 , 7.10238 ),
		( 52 , 316 , 5.19747 ),
	],
	314 : [
		( 315 , 238 , 10.5862 ),
		( 186 , 322 , 3.72614 ),
		( 263 , 323 , 6.46333 ),
	],
	315 : [
		( 314 , 238 , 10.5862 ),
		( 316 , 239 , 6.38202 ),
	],
	316 : [
		( 315 , 239 , 6.38202 ),
		( 262 , 240 , 1.76599 ),
		( 317 , 443 , 12.0539 ),
	],
	317 : [
		( 262 , 241 , 12.3336 ),
		( 288 , 242 , 13.1414 ),
		( 316 , 443 , 12.0539 ),
	],
	318 : [
		( 319 , 243 , 10.9956 ),
	],
	319 : [
		( 318 , 243 , 10.9956 ),
		( 320 , 244 , 5.87826 ),
		( 436 , 480 , 9.8417 ),
	],
	320 : [
		( 319 , 244 , 5.87826 ),
		( 176 , 245 , 4.10319 ),
		( 323 , 249 , 42.5697 ),
	],
	321 : [
		( 322 , 248 , 22.8286 ),
		( 324 , 250 , 1.66507 ),
	],
	322 : [
		( 321 , 248 , 22.8286 ),
		( 245 , 461 , 7.90969 ),
	],
	323 : [
		( 320 , 249 , 42.5697 ),
		( 51 , 318 , 0.41585 ),
		( 177 , 319 , 10.0021 ),
	],
	324 : [
		( 321 , 250 , 1.66507 ),
		( 325 , 251 , 3.15758 ),
	],
	325 : [
		( 324 , 251 , 3.15758 ),
		( 326 , 252 , 38.3326 ),
	],
	326 : [
		( 325 , 252 , 38.3326 ),
		( 327 , 253 , 52.2512 ),
	],
	327 : [
		( 326 , 253 , 52.2512 ),
		( 210 , 329 , 2.35726 ),
		( 376 , 330 , 19.9483 ),
	],
	328 : [
		( 329 , 254 , 50.5493 ),
	],
	329 : [
		( 328 , 254 , 50.5493 ),
		( 330 , 255 , 27.5248 ),
	],
	330 : [
		( 329 , 255 , 27.5248 ),
		( 331 , 256 , 7.33311 ),
	],
	331 : [
		( 330 , 256 , 7.33311 ),
		( 160 , 257 , 25.4339 ),
	],
	332 : [
		( 403 , 378 , 45.3035 ),
		( 333 , 471 , 2.40261 ),
	],
	333 : [
		( 208 , 470 , 21.5416 ),
		( 332 , 471 , 2.40261 ),
	],
	334 : [
		( 339 , 263 , 2.71221 ),
		( 340 , 264 , 17.3833 ),
	],
	335 : [
		( 157 , 258 , 1.47375 ),
		( 337 , 259 , 21.392 ),
	],
	336 : [
		( 338 , 261 , 1.82753 ),
		( 339 , 262 , 3.46024 ),
	],
	337 : [
		( 335 , 259 , 21.392 ),
		( 338 , 260 , 78.7262 ),
		( 348 , 291 , 8.43597 ),
	],
	338 : [
		( 337 , 260 , 78.7262 ),
		( 336 , 261 , 1.82753 ),
	],
	339 : [
		( 336 , 262 , 3.46024 ),
		( 334 , 263 , 2.71221 ),
	],
	340 : [
		( 334 , 264 , 17.3833 ),
	],
	341 : [
		( 87 , 266 , 1.72588 ),
		( 80 , 267 , 15.708 ),
		( 74 , 341 , 10.4563 ),
	],
	342 : [
		( 80 , 268 , 10.0126 ),
		( 79 , 269 , 4.21407 ),
	],
	343 : [
		( 34 , 272 , 1.49398 ),
		( 33 , 273 , 0.280328 ),
	],
	344 : [
		( 32 , 280 , 1.67883 ),
		( 77 , 281 , 10.3161 ),
	],
	345 : [
		( 29 , 286 , 22.9181 ),
		( 265 , 287 , 42.9439 ),
		( 287 , 448 , 25.2221 ),
	],
	346 : [
		( 265 , 288 , 4.38743 ),
		( 22 , 289 , 7.01877 ),
		( 370 , 309 , 63.5274 ),
	],
	347 : [
		( 150 , 290 , 16.672 ),
	],
	348 : [
		( 337 , 291 , 8.43597 ),
	],
	349 : [
		( 376 , 331 , 10.3756 ),
		( 377 , 332 , 10.8788 ),
	],
	350 : [
		( 351 , 292 , 9.55948 ),
	],
	351 : [
		( 350 , 292 , 9.55948 ),
		( 352 , 293 , 4.1892 ),
	],
	352 : [
		( 351 , 293 , 4.1892 ),
		( 353 , 294 , 6.30509 ),
	],
	353 : [
		( 352 , 294 , 6.30509 ),
		( 354 , 295 , 10.2171 ),
	],
	354 : [
		( 353 , 295 , 10.2171 ),
		( 377 , 333 , 15.5699 ),
		( 239 , 334 , 10.6127 ),
	],
	355 : [
		( 356 , 296 , 142.754 ),
	],
	356 : [
		( 355 , 296 , 142.754 ),
		( 357 , 297 , 28.0824 ),
	],
	357 : [
		( 356 , 297 , 28.0824 ),
		( 403 , 379 , 15.3634 ),
		( 362 , 380 , 8.52353 ),
	],
	358 : [
		( 359 , 298 , 52.9674 ),
		( 311 , 473 , 124.435 ),
	],
	359 : [
		( 358 , 298 , 52.9674 ),
		( 360 , 299 , 10.7097 ),
	],
	360 : [
		( 359 , 299 , 10.7097 ),
		( 361 , 300 , 30.0945 ),
	],
	361 : [
		( 360 , 300 , 30.0945 ),
		( 362 , 301 , 70.3743 ),
	],
	362 : [
		( 361 , 301 , 70.3743 ),
		( 357 , 380 , 8.52353 ),
		( 404 , 381 , 22.1813 ),
	],
	363 : [
		( 17 , 302 , 2.45521 ),
		( 364 , 303 , 1.94669 ),
		( 430 , 456 , 8.76115 ),
	],
	364 : [
		( 363 , 303 , 1.94669 ),
		( 372 , 449 , 26.8572 ),
	],
	365 : [
		( 22 , 304 , 90.1543 ),
		( 16 , 312 , 21.5374 ),
		( 368 , 444 , 10.3486 ),
	],
	366 : [
		( 367 , 305 , 6.25037 ),
	],
	367 : [
		( 366 , 305 , 6.25037 ),
		( 429 , 464 , 2.56096 ),
		( 371 , 467 , 16.3437 ),
	],
	368 : [
		( 14 , 306 , 8.59432 ),
		( 365 , 444 , 10.3486 ),
		( 13 , 445 , 8.92602 ),
	],
	369 : [
		( 49 , 308 , 18.9516 ),
		( 15 , 310 , 6.8973 ),
		( 372 , 311 , 52.089 ),
	],
	370 : [
		( 346 , 309 , 63.5274 ),
		( 25 , 339 , 65.0713 ),
	],
	371 : [
		( 367 , 467 , 16.3437 ),
	],
	372 : [
		( 369 , 311 , 52.089 ),
		( 364 , 449 , 26.8572 ),
		( 294 , 450 , 50.2694 ),
	],
	373 : [
		( 247 , 325 , 2.9994 ),
		( 374 , 326 , 2.2149 ),
	],
	374 : [
		( 373 , 326 , 2.2149 ),
		( 375 , 327 , 8.88147 ),
		( 437 , 484 , 5.8675 ),
	],
	375 : [
		( 374 , 327 , 8.88147 ),
		( 210 , 328 , 9.41766 ),
	],
	376 : [
		( 327 , 330 , 19.9483 ),
		( 349 , 331 , 10.3756 ),
	],
	377 : [
		( 349 , 332 , 10.8788 ),
		( 354 , 333 , 15.5699 ),
		( 420 , 401 , 0.515634 ),
	],
	378 : [
		( 224 , 336 , 57.0301 ),
		( 242 , 337 , 2.286 ),
		( 409 , 440 , 7.09333 ),
		( 434 , 478 , 1.96624 ),
	],
	379 : [
		( 73 , 342 , 22.5383 ),
	],
	380 : [
		( 276 , 343 , 5.35858 ),
	],
	381 : [
		( 383 , 347 , 8.84914 ),
	],
	382 : [
		( 386 , 346 , 10.5891 ),
	],
	383 : [
		( 381 , 347 , 8.84914 ),
		( 386 , 348 , 5.11677 ),
	],
	384 : [
		( 227 , 349 , 5.35045 ),
	],
	385 : [
		( 205 , 344 , 1.10536 ),
		( 386 , 345 , 4.71184 ),
	],
	386 : [
		( 385 , 345 , 4.71184 ),
		( 382 , 346 , 10.5891 ),
		( 383 , 348 , 5.11677 ),
	],
	387 : [
		( 389 , 352 , 2.54204 ),
	],
	388 : [
		( 256 , 350 , 26.6623 ),
		( 389 , 351 , 13.6559 ),
		( 427 , 447 , 28.0318 ),
	],
	389 : [
		( 388 , 351 , 13.6559 ),
		( 387 , 352 , 2.54204 ),
	],
	390 : [
		( 109 , 355 , 356.974 ),
		( 391 , 356 , 40.3463 ),
	],
	391 : [
		( 390 , 356 , 40.3463 ),
		( 24 , 357 , 2.27042 ),
		( 23 , 532 , 1.3856 ),
	],
	392 : [
		( 24 , 472 , 30.806 ),
	],
	393 : [
		( 207 , 395 , 24.8909 ),
		( 191 , 396 , 44.5333 ),
	],
	394 : [
		( 400 , 363 , 1.49187 ),
	],
	395 : [
		( 235 , 364 , 2.04365 ),
		( 396 , 365 , 5.58628 ),
	],
	396 : [
		( 395 , 365 , 5.58628 ),
		( 59 , 366 , 1.90291 ),
	],
	397 : [
		( 400 , 360 , 1.90355 ),
		( 198 , 361 , 3.1835 ),
	],
	398 : [
		( 399 , 358 , 36.8359 ),
	],
	399 : [
		( 398 , 358 , 36.8359 ),
		( 400 , 359 , 2.23303 ),
	],
	400 : [
		( 399 , 359 , 2.23303 ),
		( 397 , 360 , 1.90355 ),
		( 394 , 363 , 1.49187 ),
	],
	401 : [
		( 191 , 397 , 2.66441 ),
		( 225 , 398 , 4.18504 ),
	],
	402 : [
		( 160 , 367 , 1.69785 ),
		( 151 , 368 , 57.7307 ),
	],
	403 : [
		( 332 , 378 , 45.3035 ),
		( 357 , 379 , 15.3634 ),
	],
	404 : [
		( 362 , 381 , 22.1813 ),
		( 405 , 382 , 6.88396 ),
	],
	405 : [
		( 404 , 382 , 6.88396 ),
		( 298 , 383 , 69.4696 ),
	],
	406 : [
		( 197 , 387 , 38.0944 ),
		( 407 , 388 , 12.2689 ),
		( 434 , 474 , 30.0164 ),
	],
	407 : [
		( 406 , 388 , 12.2689 ),
		( 408 , 389 , 22.221 ),
	],
	408 : [
		( 407 , 389 , 22.221 ),
		( 434 , 477 , 10.1997 ),
	],
	409 : [
		( 378 , 440 , 7.09333 ),
		( 243 , 441 , 22.8892 ),
	],
	410 : [
		( 411 , 390 , 53.2688 ),
	],
	411 : [
		( 410 , 390 , 53.2688 ),
		( 212 , 391 , 11.1025 ),
	],
	412 : [
		( 420 , 400 , 8.87661 ),
	],
	413 : [
		( 213 , 458 , 18.1014 ),
		( 414 , 459 , 4.22643 ),
	],
	414 : [
		( 413 , 459 , 4.22643 ),
		( 260 , 460 , 18.9672 ),
	],
	415 : [
		( 220 , 392 , 5.80211 ),
		( 416 , 393 , 1.49095 ),
	],
	416 : [
		( 415 , 393 , 1.49095 ),
		( 477 , 542 , 4.63069 ),
	],
	417 : [
		( 420 , 402 , 15.7622 ),
		( 418 , 403 , 6.28241 ),
	],
	418 : [
		( 417 , 403 , 6.28241 ),
	],
	419 : [
		( 225 , 399 , 3.96758 ),
		( 165 , 404 , 24.8618 ),
	],
	420 : [
		( 412 , 400 , 8.87661 ),
		( 377 , 401 , 0.515634 ),
		( 417 , 402 , 15.7622 ),
	],
	421 : [
		( 190 , 405 , 21.3237 ),
		( 432 , 466 , 36.5857 ),
	],
	422 : [
		( 268 , 409 , 1.51622 ),
		( 45 , 410 , 1.22261 ),
		( 267 , 537 , 3.07308 ),
	],
	423 : [
		( 259 , 412 , 2.39074 ),
	],
	424 : [
		( 118 , 421 , 1.11839 ),
		( 136 , 422 , 4.52707 ),
	],
	425 : [
		( 136 , 423 , 1.32716 ),
		( 113 , 424 , 1.48306 ),
	],
	426 : [
		( 203 , 446 , 79.7234 ),
	],
	427 : [
		( 388 , 447 , 28.0318 ),
	],
	428 : [
		( 284 , 452 , 13.186 ),
		( 50 , 453 , 1.2083 ),
		( 464 , 520 , 1.22561 ),
	],
	429 : [
		( 431 , 463 , 0.880001 ),
		( 367 , 464 , 2.56096 ),
	],
	430 : [
		( 363 , 456 , 8.76115 ),
		( 25 , 457 , 3.7042 ),
	],
	431 : [
		( 45 , 462 , 0.232609 ),
		( 429 , 463 , 0.880001 ),
	],
	432 : [
		( 237 , 465 , 5.00859 ),
		( 421 , 466 , 36.5857 ),
	],
	433 : [
		( 255 , 469 , 2.66095 ),
	],
	434 : [
		( 406 , 474 , 30.0164 ),
		( 408 , 477 , 10.1997 ),
		( 378 , 478 , 1.96624 ),
	],
	435 : [
		( 209 , 475 , 9.30436 ),
		( 250 , 476 , 107.635 ),
	],
	436 : [
		( 319 , 480 , 9.8417 ),
		( 53 , 481 , 12.7179 ),
		( 271 , 482 , 20.159 ),
	],
	437 : [
		( 374 , 484 , 5.8675 ),
	],
	438 : [
		( 439 , 485 , 1.28874 ),
		( 446 , 495 , 0.761491 ),
	],
	439 : [
		( 440 , 486 , 0.763938 ),
	],
	440 : [
		( 309 , 487 , 4.3614 ),
		( 445 , 492 , 2.2978 ),
	],
	441 : [
		( 442 , 489 , 7.53756 ),
	],
	442 : [
		( 443 , 490 , 16.0014 ),
		( 444 , 494 , 14.9597 ),
	],
	443 : [
		( 444 , 491 , 1.6696 ),
	],
	444 : [
		( 438 , 506 , 1.76894 ),
	],
	445 : [
		( 441 , 493 , 1.60429 ),
		( 438 , 513 , 3.14284 ),
	],
	446 : [
		( 447 , 496 , 1.93208 ),
		( 443 , 505 , 5.84246 ),
	],
	447 : [
		( 451 , 500 , 0.145006 ),
	],
	448 : [
		( 449 , 497 , 0.813354 ),
		( 450 , 504 , 0.268554 ),
	],
	449 : [
		( 439 , 498 , 2.77729 ),
		( 462 , 518 , 3.81454 ),
	],
	450 : [
		( 447 , 499 , 0.804422 ),
	],
	451 : [
		( 452 , 501 , 0.13305 ),
		( 454 , 507 , 8.2807 ),
	],
	452 : [
		( 453 , 502 , 1.0642 ),
		( 460 , 516 , 2.34266 ),
	],
	453 : [
		( 448 , 503 , 0.226503 ),
	],
	454 : [
		( 451 , 507 , 8.2807 ),
	],
	455 : [
		( 456 , 508 , 10.8682 ),
		( 466 , 525 , 10.2205 ),
		( 469 , 526 , 1.62756 ),
	],
	456 : [
		( 455 , 508 , 10.8682 ),
		( 457 , 509 , 0.576408 ),
		( 459 , 535 , 0.763739 ),
	],
	457 : [
		( 456 , 509 , 0.576408 ),
		( 458 , 510 , 0.794288 ),
	],
	458 : [
		( 457 , 510 , 0.794288 ),
		( 459 , 511 , 0.577217 ),
		( 461 , 517 , 0.642539 ),
	],
	459 : [
		( 458 , 511 , 0.577217 ),
		( 456 , 535 , 0.763739 ),
		( 470 , 536 , 5.07728 ),
	],
	460 : [
		( 457 , 514 , 0.136425 ),
	],
	461 : [
		( 453 , 515 , 1.81368 ),
	],
	462 : [
		( 449 , 518 , 3.81454 ),
		( 462 , 519 , 4.08824 ),
	],
	463 : [
		( 241 , 541 , 26.5425 ),
	],
	464 : [
		( 428 , 520 , 1.22561 ),
		( 293 , 521 , 10.7087 ),
	],
	465 : [
		( 308 , 522 , 1.50793 ),
		( 473 , 530 , 3.9355 ),
	],
	466 : [
		( 467 , 523 , 26.8244 ),
		( 455 , 525 , 10.2205 ),
	],
	467 : [
		( 466 , 523 , 26.8244 ),
		( 468 , 524 , 17.5485 ),
	],
	468 : [
		( 467 , 524 , 17.5485 ),
	],
	469 : [
		( 455 , 526 , 1.62756 ),
		( 470 , 527 , 4.86536 ),
	],
	470 : [
		( 469 , 527 , 4.86536 ),
		( 471 , 528 , 28.4342 ),
		( 459 , 536 , 5.07728 ),
	],
	471 : [
		( 470 , 528 , 28.4342 ),
		( 472 , 529 , 34.46 ),
	],
	472 : [
		( 471 , 529 , 34.46 ),
		( 475 , 538 , 74.6247 ),
	],
	473 : [
		( 465 , 530 , 3.9355 ),
	],
	474 : [
		( 82 , 533 , 2.01542 ),
	],
	475 : [
		( 472 , 538 , 74.6247 ),
	],
	476 : [
		( 222 , 539 , 9.34084 ),
		( 240 , 540 , 8.65409 ),
	],
	477 : [
		( 416 , 542 , 4.63069 ),
		( 478 , 543 , 0.704839 ),
	],
	478 : [
		( 477 , 543 , 0.704839 ),
	],
	479 : [
		( 134 , 544 , 4.08911 ),
	],
}